(kicad_pcb (version 20171130) (host pcbnew "(5.0.0-rc2-200-g1f6f76beb)")

  (general
    (thickness 1.6)
    (drawings 8)
    (tracks 331)
    (zones 0)
    (modules 21)
    (nets 18)
  )

  (page A4)
  (layers
    (0 F.Cu signal)
    (31 B.Cu signal)
    (32 B.Adhes user hide)
    (33 F.Adhes user hide)
    (34 B.Paste user hide)
    (35 F.Paste user hide)
    (36 B.SilkS user hide)
    (37 F.SilkS user)
    (38 B.Mask user hide)
    (39 F.Mask user hide)
    (40 Dwgs.User user hide)
    (41 Cmts.User user)
    (42 Eco1.User user)
    (43 Eco2.User user)
    (44 Edge.Cuts user)
    (45 Margin user)
    (46 B.CrtYd user hide)
    (47 F.CrtYd user hide)
    (48 B.Fab user hide)
    (49 F.Fab user hide)
  )

  (setup
    (last_trace_width 0.15)
    (trace_clearance 0.15)
    (zone_clearance 0.508)
    (zone_45_only no)
    (trace_min 0.1)
    (segment_width 0.2)
    (edge_width 0.15)
    (via_size 0.8)
    (via_drill 0.4)
    (via_min_size 0.2)
    (via_min_drill 0.3)
    (uvia_size 0.3)
    (uvia_drill 0.1)
    (uvias_allowed no)
    (uvia_min_size 0.2)
    (uvia_min_drill 0.1)
    (pcb_text_width 0.3)
    (pcb_text_size 1.5 1.5)
    (mod_edge_width 0.15)
    (mod_text_size 0.5 0.5)
    (mod_text_width 0.125)
    (pad_size 0.23 0.92)
    (pad_drill 0)
    (pad_to_mask_clearance 0.2)
    (aux_axis_origin 0 0)
    (grid_origin 96.52 81.28)
    (visible_elements FFFFFF7F)
    (pcbplotparams
      (layerselection 0x010fc_ffffffff)
      (usegerberextensions false)
      (usegerberattributes false)
      (usegerberadvancedattributes false)
      (creategerberjobfile false)
      (excludeedgelayer true)
      (linewidth 0.100000)
      (plotframeref false)
      (viasonmask false)
      (mode 1)
      (useauxorigin false)
      (hpglpennumber 1)
      (hpglpenspeed 20)
      (hpglpendiameter 15.000000)
      (psnegative false)
      (psa4output false)
      (plotreference true)
      (plotvalue true)
      (plotinvisibletext false)
      (padsonsilk false)
      (subtractmaskfromsilk false)
      (outputformat 1)
      (mirror false)
      (drillshape 1)
      (scaleselection 1)
      (outputdirectory ""))
  )

  (net 0 "")
  (net 1 +BATT)
  (net 2 GND)
  (net 3 "Net-(C1-Pad1)")
  (net 4 VIN)
  (net 5 +3V3)
  (net 6 VBUS)
  (net 7 BATTPOW)
  (net 8 USB_DP)
  (net 9 USB_DN)
  (net 10 "Net-(L1-Pad1)")
  (net 11 "Net-(L1-Pad2)")
  (net 12 "Net-(L2-Pad2)")
  (net 13 "Net-(R2-Pad1)")
  (net 14 "Net-(R3-Pad2)")
  (net 15 +5V)
  (net 16 SCL)
  (net 17 SDA)

  (net_class Default "This is the default net class."
    (clearance 0.15)
    (trace_width 0.15)
    (via_dia 0.8)
    (via_drill 0.4)
    (uvia_dia 0.3)
    (uvia_drill 0.1)
    (add_net +3V3)
    (add_net +5V)
    (add_net +BATT)
    (add_net BATTPOW)
    (add_net GND)
    (add_net "Net-(C1-Pad1)")
    (add_net "Net-(L1-Pad1)")
    (add_net "Net-(L1-Pad2)")
    (add_net "Net-(L2-Pad2)")
    (add_net "Net-(R2-Pad1)")
    (add_net "Net-(R3-Pad2)")
    (add_net SCL)
    (add_net SDA)
    (add_net USB_DN)
    (add_net USB_DP)
    (add_net VBUS)
    (add_net VIN)
  )

  (module Capacitor_SMD:C_0603_1608Metric_Pad1.05x0.95mm_HandSolder (layer F.Cu) (tedit 5B301BBE) (tstamp 5E52FAF5)
    (at 72.1868 70.6628 90)
    (descr "Capacitor SMD 0603 (1608 Metric), square (rectangular) end terminal, IPC_7351 nominal with elongated pad for handsoldering. (Body size source: http://www.tortai-tech.com/upload/download/2011102023233369053.pdf), generated with kicad-footprint-generator")
    (tags "capacitor handsolder")
    (path /5E7A1E4E)
    (attr smd)
    (fp_text reference C1 (at 2.0828 0 90) (layer F.SilkS)
      (effects (font (size 0.5 0.5) (thickness 0.125)))
    )
    (fp_text value "4.7 uF" (at 0 1.43 90) (layer F.Fab)
      (effects (font (size 0.5 0.5) (thickness 0.125)))
    )
    (fp_text user %R (at 0 0 90) (layer F.Fab)
      (effects (font (size 0.5 0.5) (thickness 0.125)))
    )
    (fp_line (start 1.65 0.73) (end -1.65 0.73) (layer F.CrtYd) (width 0.05))
    (fp_line (start 1.65 -0.73) (end 1.65 0.73) (layer F.CrtYd) (width 0.05))
    (fp_line (start -1.65 -0.73) (end 1.65 -0.73) (layer F.CrtYd) (width 0.05))
    (fp_line (start -1.65 0.73) (end -1.65 -0.73) (layer F.CrtYd) (width 0.05))
    (fp_line (start -0.171267 0.51) (end 0.171267 0.51) (layer F.SilkS) (width 0.12))
    (fp_line (start -0.171267 -0.51) (end 0.171267 -0.51) (layer F.SilkS) (width 0.12))
    (fp_line (start 0.8 0.4) (end -0.8 0.4) (layer F.Fab) (width 0.1))
    (fp_line (start 0.8 -0.4) (end 0.8 0.4) (layer F.Fab) (width 0.1))
    (fp_line (start -0.8 -0.4) (end 0.8 -0.4) (layer F.Fab) (width 0.1))
    (fp_line (start -0.8 0.4) (end -0.8 -0.4) (layer F.Fab) (width 0.1))
    (pad 2 smd roundrect (at 0.875 0 90) (size 1.05 0.95) (layers F.Cu F.Paste F.Mask) (roundrect_rratio 0.25)
      (net 2 GND))
    (pad 1 smd roundrect (at -0.875 0 90) (size 1.05 0.95) (layers F.Cu F.Paste F.Mask) (roundrect_rratio 0.25)
      (net 3 "Net-(C1-Pad1)"))
    (model ${KISYS3DMOD}/Capacitor_SMD.3dshapes/C_0603_1608Metric.wrl
      (at (xyz 0 0 0))
      (scale (xyz 1 1 1))
      (rotate (xyz 0 0 0))
    )
  )

  (module Capacitor_SMD:C_0603_1608Metric_Pad1.05x0.95mm_HandSolder (layer F.Cu) (tedit 5B301BBE) (tstamp 5E52FB06)
    (at 90.932 73.152)
    (descr "Capacitor SMD 0603 (1608 Metric), square (rectangular) end terminal, IPC_7351 nominal with elongated pad for handsoldering. (Body size source: http://www.tortai-tech.com/upload/download/2011102023233369053.pdf), generated with kicad-footprint-generator")
    (tags "capacitor handsolder")
    (path /5E45D958)
    (attr smd)
    (fp_text reference C2 (at 2.2352 -0.0508) (layer F.SilkS)
      (effects (font (size 0.5 0.5) (thickness 0.125)))
    )
    (fp_text value 10uF (at 0 1.43) (layer F.Fab)
      (effects (font (size 0.5 0.5) (thickness 0.125)))
    )
    (fp_line (start -0.8 0.4) (end -0.8 -0.4) (layer F.Fab) (width 0.1))
    (fp_line (start -0.8 -0.4) (end 0.8 -0.4) (layer F.Fab) (width 0.1))
    (fp_line (start 0.8 -0.4) (end 0.8 0.4) (layer F.Fab) (width 0.1))
    (fp_line (start 0.8 0.4) (end -0.8 0.4) (layer F.Fab) (width 0.1))
    (fp_line (start -0.171267 -0.51) (end 0.171267 -0.51) (layer F.SilkS) (width 0.12))
    (fp_line (start -0.171267 0.51) (end 0.171267 0.51) (layer F.SilkS) (width 0.12))
    (fp_line (start -1.65 0.73) (end -1.65 -0.73) (layer F.CrtYd) (width 0.05))
    (fp_line (start -1.65 -0.73) (end 1.65 -0.73) (layer F.CrtYd) (width 0.05))
    (fp_line (start 1.65 -0.73) (end 1.65 0.73) (layer F.CrtYd) (width 0.05))
    (fp_line (start 1.65 0.73) (end -1.65 0.73) (layer F.CrtYd) (width 0.05))
    (fp_text user %R (at 0 0) (layer F.Fab)
      (effects (font (size 0.5 0.5) (thickness 0.125)))
    )
    (pad 1 smd roundrect (at -0.875 0) (size 1.05 0.95) (layers F.Cu F.Paste F.Mask) (roundrect_rratio 0.25)
      (net 4 VIN))
    (pad 2 smd roundrect (at 0.875 0) (size 1.05 0.95) (layers F.Cu F.Paste F.Mask) (roundrect_rratio 0.25)
      (net 2 GND))
    (model ${KISYS3DMOD}/Capacitor_SMD.3dshapes/C_0603_1608Metric.wrl
      (at (xyz 0 0 0))
      (scale (xyz 1 1 1))
      (rotate (xyz 0 0 0))
    )
  )

  (module Capacitor_SMD:C_0603_1608Metric_Pad1.05x0.95mm_HandSolder (layer B.Cu) (tedit 5B301BBE) (tstamp 5E5307B6)
    (at 84.7458 72.7964)
    (descr "Capacitor SMD 0603 (1608 Metric), square (rectangular) end terminal, IPC_7351 nominal with elongated pad for handsoldering. (Body size source: http://www.tortai-tech.com/upload/download/2011102023233369053.pdf), generated with kicad-footprint-generator")
    (tags "capacitor handsolder")
    (path /5E4561FD)
    (attr smd)
    (fp_text reference C3 (at 2.173 0) (layer B.SilkS)
      (effects (font (size 0.5 0.5) (thickness 0.125)) (justify mirror))
    )
    (fp_text value 22uF (at 0 -1.43) (layer B.Fab)
      (effects (font (size 0.5 0.5) (thickness 0.125)) (justify mirror))
    )
    (fp_line (start -0.8 -0.4) (end -0.8 0.4) (layer B.Fab) (width 0.1))
    (fp_line (start -0.8 0.4) (end 0.8 0.4) (layer B.Fab) (width 0.1))
    (fp_line (start 0.8 0.4) (end 0.8 -0.4) (layer B.Fab) (width 0.1))
    (fp_line (start 0.8 -0.4) (end -0.8 -0.4) (layer B.Fab) (width 0.1))
    (fp_line (start -0.171267 0.51) (end 0.171267 0.51) (layer B.SilkS) (width 0.12))
    (fp_line (start -0.171267 -0.51) (end 0.171267 -0.51) (layer B.SilkS) (width 0.12))
    (fp_line (start -1.65 -0.73) (end -1.65 0.73) (layer B.CrtYd) (width 0.05))
    (fp_line (start -1.65 0.73) (end 1.65 0.73) (layer B.CrtYd) (width 0.05))
    (fp_line (start 1.65 0.73) (end 1.65 -0.73) (layer B.CrtYd) (width 0.05))
    (fp_line (start 1.65 -0.73) (end -1.65 -0.73) (layer B.CrtYd) (width 0.05))
    (fp_text user %R (at 0 0) (layer B.Fab)
      (effects (font (size 0.5 0.5) (thickness 0.125)) (justify mirror))
    )
    (pad 1 smd roundrect (at -0.875 0) (size 1.05 0.95) (layers B.Cu B.Paste B.Mask) (roundrect_rratio 0.25)
      (net 5 +3V3))
    (pad 2 smd roundrect (at 0.875 0) (size 1.05 0.95) (layers B.Cu B.Paste B.Mask) (roundrect_rratio 0.25)
      (net 2 GND))
    (model ${KISYS3DMOD}/Capacitor_SMD.3dshapes/C_0603_1608Metric.wrl
      (at (xyz 0 0 0))
      (scale (xyz 1 1 1))
      (rotate (xyz 0 0 0))
    )
  )

  (module Capacitor_SMD:C_0603_1608Metric_Pad1.05x0.95mm_HandSolder (layer F.Cu) (tedit 5B301BBE) (tstamp 5E52FB28)
    (at 88.2904 77.103 90)
    (descr "Capacitor SMD 0603 (1608 Metric), square (rectangular) end terminal, IPC_7351 nominal with elongated pad for handsoldering. (Body size source: http://www.tortai-tech.com/upload/download/2011102023233369053.pdf), generated with kicad-footprint-generator")
    (tags "capacitor handsolder")
    (path /5E45629F)
    (attr smd)
    (fp_text reference C4 (at 0.0902 1.016 90) (layer F.SilkS)
      (effects (font (size 0.5 0.5) (thickness 0.125)))
    )
    (fp_text value 22uF (at 0 1.43 90) (layer F.Fab)
      (effects (font (size 0.5 0.5) (thickness 0.125)))
    )
    (fp_text user %R (at 0 0 90) (layer F.Fab)
      (effects (font (size 0.5 0.5) (thickness 0.125)))
    )
    (fp_line (start 1.65 0.73) (end -1.65 0.73) (layer F.CrtYd) (width 0.05))
    (fp_line (start 1.65 -0.73) (end 1.65 0.73) (layer F.CrtYd) (width 0.05))
    (fp_line (start -1.65 -0.73) (end 1.65 -0.73) (layer F.CrtYd) (width 0.05))
    (fp_line (start -1.65 0.73) (end -1.65 -0.73) (layer F.CrtYd) (width 0.05))
    (fp_line (start -0.171267 0.51) (end 0.171267 0.51) (layer F.SilkS) (width 0.12))
    (fp_line (start -0.171267 -0.51) (end 0.171267 -0.51) (layer F.SilkS) (width 0.12))
    (fp_line (start 0.8 0.4) (end -0.8 0.4) (layer F.Fab) (width 0.1))
    (fp_line (start 0.8 -0.4) (end 0.8 0.4) (layer F.Fab) (width 0.1))
    (fp_line (start -0.8 -0.4) (end 0.8 -0.4) (layer F.Fab) (width 0.1))
    (fp_line (start -0.8 0.4) (end -0.8 -0.4) (layer F.Fab) (width 0.1))
    (pad 2 smd roundrect (at 0.875 0 90) (size 1.05 0.95) (layers F.Cu F.Paste F.Mask) (roundrect_rratio 0.25)
      (net 2 GND))
    (pad 1 smd roundrect (at -0.875 0 90) (size 1.05 0.95) (layers F.Cu F.Paste F.Mask) (roundrect_rratio 0.25)
      (net 5 +3V3))
    (model ${KISYS3DMOD}/Capacitor_SMD.3dshapes/C_0603_1608Metric.wrl
      (at (xyz 0 0 0))
      (scale (xyz 1 1 1))
      (rotate (xyz 0 0 0))
    )
  )

  (module Package_TO_SOT_SMD:SOT-23 (layer B.Cu) (tedit 5A02FF57) (tstamp 5E52FB3D)
    (at 79.772 77.8764)
    (descr "SOT-23, Standard")
    (tags SOT-23)
    (path /5EC555E3)
    (attr smd)
    (fp_text reference D1 (at 1.5588 1.1684) (layer B.SilkS)
      (effects (font (size 0.5 0.5) (thickness 0.125)) (justify mirror))
    )
    (fp_text value D_Schottky_x2_KCom_AAK (at 0 -2.5) (layer B.Fab)
      (effects (font (size 0.5 0.5) (thickness 0.125)) (justify mirror))
    )
    (fp_text user %R (at 0 0 -90) (layer B.Fab)
      (effects (font (size 0.5 0.5) (thickness 0.125)) (justify mirror))
    )
    (fp_line (start -0.7 0.95) (end -0.7 -1.5) (layer B.Fab) (width 0.1))
    (fp_line (start -0.15 1.52) (end 0.7 1.52) (layer B.Fab) (width 0.1))
    (fp_line (start -0.7 0.95) (end -0.15 1.52) (layer B.Fab) (width 0.1))
    (fp_line (start 0.7 1.52) (end 0.7 -1.52) (layer B.Fab) (width 0.1))
    (fp_line (start -0.7 -1.52) (end 0.7 -1.52) (layer B.Fab) (width 0.1))
    (fp_line (start 0.76 -1.58) (end 0.76 -0.65) (layer B.SilkS) (width 0.12))
    (fp_line (start 0.76 1.58) (end 0.76 0.65) (layer B.SilkS) (width 0.12))
    (fp_line (start -1.7 1.75) (end 1.7 1.75) (layer B.CrtYd) (width 0.05))
    (fp_line (start 1.7 1.75) (end 1.7 -1.75) (layer B.CrtYd) (width 0.05))
    (fp_line (start 1.7 -1.75) (end -1.7 -1.75) (layer B.CrtYd) (width 0.05))
    (fp_line (start -1.7 -1.75) (end -1.7 1.75) (layer B.CrtYd) (width 0.05))
    (fp_line (start 0.76 1.58) (end -1.4 1.58) (layer B.SilkS) (width 0.12))
    (fp_line (start 0.76 -1.58) (end -0.7 -1.58) (layer B.SilkS) (width 0.12))
    (pad 1 smd rect (at -1 0.95) (size 0.9 0.8) (layers B.Cu B.Paste B.Mask)
      (net 6 VBUS))
    (pad 2 smd rect (at -1 -0.95) (size 0.9 0.8) (layers B.Cu B.Paste B.Mask)
      (net 7 BATTPOW))
    (pad 3 smd rect (at 1 0) (size 0.9 0.8) (layers B.Cu B.Paste B.Mask)
      (net 4 VIN))
    (model ${KISYS3DMOD}/Package_TO_SOT_SMD.3dshapes/SOT-23.wrl
      (at (xyz 0 0 0))
      (scale (xyz 1 1 1))
      (rotate (xyz 0 0 0))
    )
  )

  (module Connector_JST:JST_SH_SM04B-SRSS-TB_1x04-1MP_P1.00mm_Horizontal (layer B.Cu) (tedit 5B78AD87) (tstamp 5E530358)
    (at 74.168 77.724 90)
    (descr "JST SH series connector, SM04B-SRSS-TB (http://www.jst-mfg.com/product/pdf/eng/eSH.pdf), generated with kicad-footprint-generator")
    (tags "connector JST SH top entry")
    (path /5E541D8B)
    (attr smd)
    (fp_text reference J1 (at 0.2032 -1.4732 90) (layer B.SilkS)
      (effects (font (size 0.5 0.5) (thickness 0.125)) (justify mirror))
    )
    (fp_text value Conn_01x04_Female (at 0 -3.98 90) (layer B.Fab)
      (effects (font (size 0.5 0.5) (thickness 0.125)) (justify mirror))
    )
    (fp_line (start -3 1.675) (end 3 1.675) (layer B.Fab) (width 0.1))
    (fp_line (start -3.11 -0.715) (end -3.11 1.785) (layer B.SilkS) (width 0.12))
    (fp_line (start -3.11 1.785) (end -2.06 1.785) (layer B.SilkS) (width 0.12))
    (fp_line (start -2.06 1.785) (end -2.06 2.775) (layer B.SilkS) (width 0.12))
    (fp_line (start 3.11 -0.715) (end 3.11 1.785) (layer B.SilkS) (width 0.12))
    (fp_line (start 3.11 1.785) (end 2.06 1.785) (layer B.SilkS) (width 0.12))
    (fp_line (start -1.94 -2.685) (end 1.94 -2.685) (layer B.SilkS) (width 0.12))
    (fp_line (start -3 -2.575) (end 3 -2.575) (layer B.Fab) (width 0.1))
    (fp_line (start -3 1.675) (end -3 -2.575) (layer B.Fab) (width 0.1))
    (fp_line (start 3 1.675) (end 3 -2.575) (layer B.Fab) (width 0.1))
    (fp_line (start -3.9 3.28) (end -3.9 -3.28) (layer B.CrtYd) (width 0.05))
    (fp_line (start -3.9 -3.28) (end 3.9 -3.28) (layer B.CrtYd) (width 0.05))
    (fp_line (start 3.9 -3.28) (end 3.9 3.28) (layer B.CrtYd) (width 0.05))
    (fp_line (start 3.9 3.28) (end -3.9 3.28) (layer B.CrtYd) (width 0.05))
    (fp_line (start -2 1.675) (end -1.5 0.967893) (layer B.Fab) (width 0.1))
    (fp_line (start -1.5 0.967893) (end -1 1.675) (layer B.Fab) (width 0.1))
    (fp_text user %R (at 0 0 90) (layer B.Fab)
      (effects (font (size 0.5 0.5) (thickness 0.125)) (justify mirror))
    )
    (pad 1 smd roundrect (at -1.5 2 90) (size 0.6 1.55) (layers B.Cu B.Paste B.Mask) (roundrect_rratio 0.25)
      (net 2 GND))
    (pad 2 smd roundrect (at -0.5 2 90) (size 0.6 1.55) (layers B.Cu B.Paste B.Mask) (roundrect_rratio 0.25)
      (net 8 USB_DP))
    (pad 3 smd roundrect (at 0.5 2 90) (size 0.6 1.55) (layers B.Cu B.Paste B.Mask) (roundrect_rratio 0.25)
      (net 9 USB_DN))
    (pad 4 smd roundrect (at 1.5 2 90) (size 0.6 1.55) (layers B.Cu B.Paste B.Mask) (roundrect_rratio 0.25)
      (net 6 VBUS))
    (pad MP smd roundrect (at -2.8 -1.875 90) (size 1.2 1.8) (layers B.Cu B.Paste B.Mask) (roundrect_rratio 0.208333))
    (pad MP smd roundrect (at 2.8 -1.875 90) (size 1.2 1.8) (layers B.Cu B.Paste B.Mask) (roundrect_rratio 0.208333))
    (model ${KISYS3DMOD}/Connector_JST.3dshapes/JST_SH_SM04B-SRSS-TB_1x04-1MP_P1.00mm_Horizontal.wrl
      (at (xyz 0 0 0))
      (scale (xyz 1 1 1))
      (rotate (xyz 0 0 0))
    )
  )

  (module Inductor_SMD:L_0603_1608Metric_Pad1.05x0.95mm_HandSolder (layer B.Cu) (tedit 5B301BBE) (tstamp 5E52FB7B)
    (at 81.8388 76.2114 270)
    (descr "Capacitor SMD 0603 (1608 Metric), square (rectangular) end terminal, IPC_7351 nominal with elongated pad for handsoldering. (Body size source: http://www.tortai-tech.com/upload/download/2011102023233369053.pdf), generated with kicad-footprint-generator")
    (tags "inductor handsolder")
    (path /5E48EAE5)
    (attr smd)
    (fp_text reference L1 (at 0 1.43 270) (layer B.SilkS)
      (effects (font (size 0.5 0.5) (thickness 0.125)) (justify mirror))
    )
    (fp_text value 2.2uH (at 0 -1.43 270) (layer B.Fab)
      (effects (font (size 0.5 0.5) (thickness 0.125)) (justify mirror))
    )
    (fp_line (start -0.8 -0.4) (end -0.8 0.4) (layer B.Fab) (width 0.1))
    (fp_line (start -0.8 0.4) (end 0.8 0.4) (layer B.Fab) (width 0.1))
    (fp_line (start 0.8 0.4) (end 0.8 -0.4) (layer B.Fab) (width 0.1))
    (fp_line (start 0.8 -0.4) (end -0.8 -0.4) (layer B.Fab) (width 0.1))
    (fp_line (start -0.171267 0.51) (end 0.171267 0.51) (layer B.SilkS) (width 0.12))
    (fp_line (start -0.171267 -0.51) (end 0.171267 -0.51) (layer B.SilkS) (width 0.12))
    (fp_line (start -1.65 -0.73) (end -1.65 0.73) (layer B.CrtYd) (width 0.05))
    (fp_line (start -1.65 0.73) (end 1.65 0.73) (layer B.CrtYd) (width 0.05))
    (fp_line (start 1.65 0.73) (end 1.65 -0.73) (layer B.CrtYd) (width 0.05))
    (fp_line (start 1.65 -0.73) (end -1.65 -0.73) (layer B.CrtYd) (width 0.05))
    (fp_text user %R (at 0 0 270) (layer B.Fab)
      (effects (font (size 0.5 0.5) (thickness 0.125)) (justify mirror))
    )
    (pad 1 smd roundrect (at -0.875 0 270) (size 1.05 0.95) (layers B.Cu B.Paste B.Mask) (roundrect_rratio 0.25)
      (net 10 "Net-(L1-Pad1)"))
    (pad 2 smd roundrect (at 0.875 0 270) (size 1.05 0.95) (layers B.Cu B.Paste B.Mask) (roundrect_rratio 0.25)
      (net 11 "Net-(L1-Pad2)"))
    (model ${KISYS3DMOD}/Inductor_SMD.3dshapes/L_0603_1608Metric.wrl
      (at (xyz 0 0 0))
      (scale (xyz 1 1 1))
      (rotate (xyz 0 0 0))
    )
  )

  (module Inductor_SMD:L_0603_1608Metric_Pad1.05x0.95mm_HandSolder (layer B.Cu) (tedit 5B301BBE) (tstamp 5E52FB8C)
    (at 93.613 79.248)
    (descr "Capacitor SMD 0603 (1608 Metric), square (rectangular) end terminal, IPC_7351 nominal with elongated pad for handsoldering. (Body size source: http://www.tortai-tech.com/upload/download/2011102023233369053.pdf), generated with kicad-footprint-generator")
    (tags "inductor handsolder")
    (path /5E5F8566)
    (attr smd)
    (fp_text reference L2 (at 1.637 1.2192) (layer B.SilkS)
      (effects (font (size 0.5 0.5) (thickness 0.125)) (justify mirror))
    )
    (fp_text value "4.7 uH" (at 0 -1.43) (layer B.Fab)
      (effects (font (size 0.5 0.5) (thickness 0.125)) (justify mirror))
    )
    (fp_text user %R (at 0 0) (layer B.Fab)
      (effects (font (size 0.5 0.5) (thickness 0.125)) (justify mirror))
    )
    (fp_line (start 1.65 -0.73) (end -1.65 -0.73) (layer B.CrtYd) (width 0.05))
    (fp_line (start 1.65 0.73) (end 1.65 -0.73) (layer B.CrtYd) (width 0.05))
    (fp_line (start -1.65 0.73) (end 1.65 0.73) (layer B.CrtYd) (width 0.05))
    (fp_line (start -1.65 -0.73) (end -1.65 0.73) (layer B.CrtYd) (width 0.05))
    (fp_line (start -0.171267 -0.51) (end 0.171267 -0.51) (layer B.SilkS) (width 0.12))
    (fp_line (start -0.171267 0.51) (end 0.171267 0.51) (layer B.SilkS) (width 0.12))
    (fp_line (start 0.8 -0.4) (end -0.8 -0.4) (layer B.Fab) (width 0.1))
    (fp_line (start 0.8 0.4) (end 0.8 -0.4) (layer B.Fab) (width 0.1))
    (fp_line (start -0.8 0.4) (end 0.8 0.4) (layer B.Fab) (width 0.1))
    (fp_line (start -0.8 -0.4) (end -0.8 0.4) (layer B.Fab) (width 0.1))
    (pad 2 smd roundrect (at 0.875 0) (size 1.05 0.95) (layers B.Cu B.Paste B.Mask) (roundrect_rratio 0.25)
      (net 12 "Net-(L2-Pad2)"))
    (pad 1 smd roundrect (at -0.875 0) (size 1.05 0.95) (layers B.Cu B.Paste B.Mask) (roundrect_rratio 0.25)
      (net 4 VIN))
    (model ${KISYS3DMOD}/Inductor_SMD.3dshapes/L_0603_1608Metric.wrl
      (at (xyz 0 0 0))
      (scale (xyz 1 1 1))
      (rotate (xyz 0 0 0))
    )
  )

  (module Resistor_SMD:R_0603_1608Metric_Pad1.05x0.95mm_HandSolder (layer F.Cu) (tedit 5B301BBD) (tstamp 5E52FB9D)
    (at 76.1378 67.1068)
    (descr "Resistor SMD 0603 (1608 Metric), square (rectangular) end terminal, IPC_7351 nominal with elongated pad for handsoldering. (Body size source: http://www.tortai-tech.com/upload/download/2011102023233369053.pdf), generated with kicad-footprint-generator")
    (tags "resistor handsolder")
    (path /5E6FF6AF)
    (attr smd)
    (fp_text reference R1 (at 0 -1.43) (layer F.SilkS)
      (effects (font (size 0.5 0.5) (thickness 0.125)))
    )
    (fp_text value "10 m" (at 0 1.43) (layer F.Fab)
      (effects (font (size 0.5 0.5) (thickness 0.125)))
    )
    (fp_text user %R (at 0 0) (layer F.Fab)
      (effects (font (size 0.5 0.5) (thickness 0.125)))
    )
    (fp_line (start 1.65 0.73) (end -1.65 0.73) (layer F.CrtYd) (width 0.05))
    (fp_line (start 1.65 -0.73) (end 1.65 0.73) (layer F.CrtYd) (width 0.05))
    (fp_line (start -1.65 -0.73) (end 1.65 -0.73) (layer F.CrtYd) (width 0.05))
    (fp_line (start -1.65 0.73) (end -1.65 -0.73) (layer F.CrtYd) (width 0.05))
    (fp_line (start -0.171267 0.51) (end 0.171267 0.51) (layer F.SilkS) (width 0.12))
    (fp_line (start -0.171267 -0.51) (end 0.171267 -0.51) (layer F.SilkS) (width 0.12))
    (fp_line (start 0.8 0.4) (end -0.8 0.4) (layer F.Fab) (width 0.1))
    (fp_line (start 0.8 -0.4) (end 0.8 0.4) (layer F.Fab) (width 0.1))
    (fp_line (start -0.8 -0.4) (end 0.8 -0.4) (layer F.Fab) (width 0.1))
    (fp_line (start -0.8 0.4) (end -0.8 -0.4) (layer F.Fab) (width 0.1))
    (pad 2 smd roundrect (at 0.875 0) (size 1.05 0.95) (layers F.Cu F.Paste F.Mask) (roundrect_rratio 0.25)
      (net 1 +BATT))
    (pad 1 smd roundrect (at -0.875 0) (size 1.05 0.95) (layers F.Cu F.Paste F.Mask) (roundrect_rratio 0.25)
      (net 7 BATTPOW))
    (model ${KISYS3DMOD}/Resistor_SMD.3dshapes/R_0603_1608Metric.wrl
      (at (xyz 0 0 0))
      (scale (xyz 1 1 1))
      (rotate (xyz 0 0 0))
    )
  )

  (module Resistor_SMD:R_0603_1608Metric_Pad1.05x0.95mm_HandSolder (layer F.Cu) (tedit 5B301BBD) (tstamp 5E530B8D)
    (at 73.801 74.676)
    (descr "Resistor SMD 0603 (1608 Metric), square (rectangular) end terminal, IPC_7351 nominal with elongated pad for handsoldering. (Body size source: http://www.tortai-tech.com/upload/download/2011102023233369053.pdf), generated with kicad-footprint-generator")
    (tags "resistor handsolder")
    (path /5E437C19)
    (attr smd)
    (fp_text reference R2 (at -0.8014 -1.1176) (layer F.SilkS)
      (effects (font (size 0.5 0.5) (thickness 0.125)))
    )
    (fp_text value 12.5k (at 0 1.43) (layer F.Fab)
      (effects (font (size 0.5 0.5) (thickness 0.125)))
    )
    (fp_line (start -0.8 0.4) (end -0.8 -0.4) (layer F.Fab) (width 0.1))
    (fp_line (start -0.8 -0.4) (end 0.8 -0.4) (layer F.Fab) (width 0.1))
    (fp_line (start 0.8 -0.4) (end 0.8 0.4) (layer F.Fab) (width 0.1))
    (fp_line (start 0.8 0.4) (end -0.8 0.4) (layer F.Fab) (width 0.1))
    (fp_line (start -0.171267 -0.51) (end 0.171267 -0.51) (layer F.SilkS) (width 0.12))
    (fp_line (start -0.171267 0.51) (end 0.171267 0.51) (layer F.SilkS) (width 0.12))
    (fp_line (start -1.65 0.73) (end -1.65 -0.73) (layer F.CrtYd) (width 0.05))
    (fp_line (start -1.65 -0.73) (end 1.65 -0.73) (layer F.CrtYd) (width 0.05))
    (fp_line (start 1.65 -0.73) (end 1.65 0.73) (layer F.CrtYd) (width 0.05))
    (fp_line (start 1.65 0.73) (end -1.65 0.73) (layer F.CrtYd) (width 0.05))
    (fp_text user %R (at 0 0) (layer F.Fab)
      (effects (font (size 0.5 0.5) (thickness 0.125)))
    )
    (pad 1 smd roundrect (at -0.875 0) (size 1.05 0.95) (layers F.Cu F.Paste F.Mask) (roundrect_rratio 0.25)
      (net 13 "Net-(R2-Pad1)"))
    (pad 2 smd roundrect (at 0.875 0) (size 1.05 0.95) (layers F.Cu F.Paste F.Mask) (roundrect_rratio 0.25)
      (net 2 GND))
    (model ${KISYS3DMOD}/Resistor_SMD.3dshapes/R_0603_1608Metric.wrl
      (at (xyz 0 0 0))
      (scale (xyz 1 1 1))
      (rotate (xyz 0 0 0))
    )
  )

  (module Resistor_SMD:R_0603_1608Metric_Pad1.05x0.95mm_HandSolder (layer F.Cu) (tedit 5B301BBD) (tstamp 5E52FBBF)
    (at 84.555801 78.8924)
    (descr "Resistor SMD 0603 (1608 Metric), square (rectangular) end terminal, IPC_7351 nominal with elongated pad for handsoldering. (Body size source: http://www.tortai-tech.com/upload/download/2011102023233369053.pdf), generated with kicad-footprint-generator")
    (tags "resistor handsolder")
    (path /5E72E89D)
    (attr smd)
    (fp_text reference R3 (at 0.026199 1.0668) (layer F.SilkS)
      (effects (font (size 0.5 0.5) (thickness 0.125)))
    )
    (fp_text value 100 (at 0 1.43) (layer F.Fab)
      (effects (font (size 0.5 0.5) (thickness 0.125)))
    )
    (fp_line (start -0.8 0.4) (end -0.8 -0.4) (layer F.Fab) (width 0.1))
    (fp_line (start -0.8 -0.4) (end 0.8 -0.4) (layer F.Fab) (width 0.1))
    (fp_line (start 0.8 -0.4) (end 0.8 0.4) (layer F.Fab) (width 0.1))
    (fp_line (start 0.8 0.4) (end -0.8 0.4) (layer F.Fab) (width 0.1))
    (fp_line (start -0.171267 -0.51) (end 0.171267 -0.51) (layer F.SilkS) (width 0.12))
    (fp_line (start -0.171267 0.51) (end 0.171267 0.51) (layer F.SilkS) (width 0.12))
    (fp_line (start -1.65 0.73) (end -1.65 -0.73) (layer F.CrtYd) (width 0.05))
    (fp_line (start -1.65 -0.73) (end 1.65 -0.73) (layer F.CrtYd) (width 0.05))
    (fp_line (start 1.65 -0.73) (end 1.65 0.73) (layer F.CrtYd) (width 0.05))
    (fp_line (start 1.65 0.73) (end -1.65 0.73) (layer F.CrtYd) (width 0.05))
    (fp_text user %R (at 0 0) (layer F.Fab)
      (effects (font (size 0.5 0.5) (thickness 0.125)))
    )
    (pad 1 smd roundrect (at -0.875 0) (size 1.05 0.95) (layers F.Cu F.Paste F.Mask) (roundrect_rratio 0.25)
      (net 4 VIN))
    (pad 2 smd roundrect (at 0.875 0) (size 1.05 0.95) (layers F.Cu F.Paste F.Mask) (roundrect_rratio 0.25)
      (net 14 "Net-(R3-Pad2)"))
    (model ${KISYS3DMOD}/Resistor_SMD.3dshapes/R_0603_1608Metric.wrl
      (at (xyz 0 0 0))
      (scale (xyz 1 1 1))
      (rotate (xyz 0 0 0))
    )
  )

  (module TestPoint:TestPoint_Pad_D1.0mm (layer B.Cu) (tedit 5A0F774F) (tstamp 5E52FBC7)
    (at 83.6676 80.3656)
    (descr "SMD pad as test Point, diameter 1.0mm")
    (tags "test point SMD pad")
    (path /5ED26D0C)
    (attr virtual)
    (fp_text reference TP1 (at 1.524 -0.4064) (layer B.SilkS)
      (effects (font (size 0.5 0.5) (thickness 0.125)) (justify mirror))
    )
    (fp_text value TestPoint (at 0 -1.55) (layer B.Fab)
      (effects (font (size 0.5 0.5) (thickness 0.125)) (justify mirror))
    )
    (fp_circle (center 0 0) (end 0 -0.7) (layer B.SilkS) (width 0.12))
    (fp_circle (center 0 0) (end 1 0) (layer B.CrtYd) (width 0.05))
    (fp_text user %R (at 0 1.45) (layer B.Fab)
      (effects (font (size 0.5 0.5) (thickness 0.125)) (justify mirror))
    )
    (pad 1 smd circle (at 0 0) (size 1 1) (layers B.Cu B.Mask)
      (net 4 VIN))
  )

  (module Package_DFN_QFN:DFN-14-1EP_3x3mm_P0.4mm_EP1.78x2.35mm (layer F.Cu) (tedit 5A64CBFB) (tstamp 5E52FBF2)
    (at 76.249 70.542 180)
    (descr "DD Package; 14-Lead Plastic DFN (3mm x 3mm) (http://pdfserv.maximintegrated.com/land_patterns/90-0063.PDF)")
    (tags "DFN 0.40")
    (path /5E6B70A1)
    (attr smd)
    (fp_text reference U1 (at -2.6434 -1.34 180) (layer F.SilkS)
      (effects (font (size 0.5 0.5) (thickness 0.125)))
    )
    (fp_text value MAX17260 (at 0 2.55 180) (layer F.Fab)
      (effects (font (size 0.5 0.5) (thickness 0.125)))
    )
    (fp_text user %R (at 0.075 0.15 180) (layer F.Fab)
      (effects (font (size 0.5 0.5) (thickness 0.125)))
    )
    (fp_line (start -1.825 -1.625) (end 1.05 -1.625) (layer F.SilkS) (width 0.15))
    (fp_line (start -1.05 1.625) (end 1.05 1.625) (layer F.SilkS) (width 0.15))
    (fp_line (start -2 1.8) (end 2 1.8) (layer F.CrtYd) (width 0.05))
    (fp_line (start -2 -1.8) (end 2 -1.8) (layer F.CrtYd) (width 0.05))
    (fp_line (start 2 -1.8) (end 2 1.8) (layer F.CrtYd) (width 0.05))
    (fp_line (start -2 -1.8) (end -2 1.8) (layer F.CrtYd) (width 0.05))
    (fp_line (start -1.5 -0.5) (end -0.5 -1.5) (layer F.Fab) (width 0.15))
    (fp_line (start -1.5 1.5) (end -1.5 -0.5) (layer F.Fab) (width 0.15))
    (fp_line (start 1.5 1.5) (end -1.5 1.5) (layer F.Fab) (width 0.15))
    (fp_line (start 1.5 -1.5) (end 1.5 1.5) (layer F.Fab) (width 0.15))
    (fp_line (start -0.5 -1.5) (end 1.5 -1.5) (layer F.Fab) (width 0.15))
    (pad 14 smd rect (at 1.475 -1.2 180) (size 0.7 0.25) (layers F.Cu F.Paste F.Mask)
      (net 16 SCL))
    (pad 13 smd rect (at 1.475 -0.8 180) (size 0.7 0.25) (layers F.Cu F.Paste F.Mask)
      (net 17 SDA))
    (pad 12 smd rect (at 1.475 -0.4 180) (size 0.7 0.25) (layers F.Cu F.Paste F.Mask))
    (pad 11 smd rect (at 1.475 0 180) (size 0.7 0.25) (layers F.Cu F.Paste F.Mask)
      (net 3 "Net-(C1-Pad1)"))
    (pad 10 smd rect (at 1.475 0.4 180) (size 0.7 0.25) (layers F.Cu F.Paste F.Mask)
      (net 7 BATTPOW))
    (pad 9 smd rect (at 1.475 0.8 180) (size 0.7 0.25) (layers F.Cu F.Paste F.Mask))
    (pad 6 smd rect (at -1.475 0.8 180) (size 0.7 0.25) (layers F.Cu F.Paste F.Mask)
      (net 1 +BATT))
    (pad 5 smd rect (at -1.475 0.4 180) (size 0.7 0.25) (layers F.Cu F.Paste F.Mask))
    (pad 4 smd rect (at -1.475 0 180) (size 0.7 0.25) (layers F.Cu F.Paste F.Mask))
    (pad 3 smd rect (at -1.475 -0.4 180) (size 0.7 0.25) (layers F.Cu F.Paste F.Mask))
    (pad 2 smd rect (at -1.475 -0.8 180) (size 0.7 0.25) (layers F.Cu F.Paste F.Mask))
    (pad 1 smd rect (at -1.475 -1.2 180) (size 0.7 0.25) (layers F.Cu F.Paste F.Mask))
    (pad 7 smd rect (at -1.475 1.2 180) (size 0.7 0.25) (layers F.Cu F.Paste F.Mask)
      (net 1 +BATT))
    (pad 8 smd rect (at 1.475 1.2 180) (size 0.7 0.25) (layers F.Cu F.Paste F.Mask)
      (net 2 GND))
    (pad 15 smd rect (at 0 0 180) (size 1.78 2.35) (layers F.Cu F.Mask))
    (pad "" smd rect (at -0.445 0.5875 180) (size 0.7 0.97) (layers F.Paste))
    (pad "" smd rect (at 0.45 0.5875 180) (size 0.7 0.97) (layers F.Paste))
    (pad "" smd rect (at 0.45 -0.5875 180) (size 0.7 0.97) (layers F.Paste))
    (pad "" smd rect (at -0.445 -0.5875 180) (size 0.7 0.97) (layers F.Paste))
    (model ${KISYS3DMOD}/Package_DFN_QFN.3dshapes/DFN-14-1EP_3x3mm_P0.4mm_EP1.78x2.35mm.wrl
      (at (xyz 0 0 0))
      (scale (xyz 1 1 1))
      (rotate (xyz 0 0 0))
    )
  )

  (module Package_TO_SOT_SMD:SOT-23-5 (layer F.Cu) (tedit 5A02FF57) (tstamp 5E530BC1)
    (at 73.66 77.724 90)
    (descr "5-pin SOT23 package")
    (tags SOT-23-5)
    (path /5E437B22)
    (attr smd)
    (fp_text reference U2 (at -2.3876 -1.016 90) (layer F.SilkS)
      (effects (font (size 0.5 0.5) (thickness 0.125)))
    )
    (fp_text value MCP73831-2-OT (at 0 2.9 90) (layer F.Fab)
      (effects (font (size 0.5 0.5) (thickness 0.125)))
    )
    (fp_text user %R (at 0 0 180) (layer F.Fab)
      (effects (font (size 0.5 0.5) (thickness 0.125)))
    )
    (fp_line (start -0.9 1.61) (end 0.9 1.61) (layer F.SilkS) (width 0.12))
    (fp_line (start 0.9 -1.61) (end -1.55 -1.61) (layer F.SilkS) (width 0.12))
    (fp_line (start -1.9 -1.8) (end 1.9 -1.8) (layer F.CrtYd) (width 0.05))
    (fp_line (start 1.9 -1.8) (end 1.9 1.8) (layer F.CrtYd) (width 0.05))
    (fp_line (start 1.9 1.8) (end -1.9 1.8) (layer F.CrtYd) (width 0.05))
    (fp_line (start -1.9 1.8) (end -1.9 -1.8) (layer F.CrtYd) (width 0.05))
    (fp_line (start -0.9 -0.9) (end -0.25 -1.55) (layer F.Fab) (width 0.1))
    (fp_line (start 0.9 -1.55) (end -0.25 -1.55) (layer F.Fab) (width 0.1))
    (fp_line (start -0.9 -0.9) (end -0.9 1.55) (layer F.Fab) (width 0.1))
    (fp_line (start 0.9 1.55) (end -0.9 1.55) (layer F.Fab) (width 0.1))
    (fp_line (start 0.9 -1.55) (end 0.9 1.55) (layer F.Fab) (width 0.1))
    (pad 1 smd rect (at -1.1 -0.95 90) (size 1.06 0.65) (layers F.Cu F.Paste F.Mask))
    (pad 2 smd rect (at -1.1 0 90) (size 1.06 0.65) (layers F.Cu F.Paste F.Mask)
      (net 2 GND))
    (pad 3 smd rect (at -1.1 0.95 90) (size 1.06 0.65) (layers F.Cu F.Paste F.Mask)
      (net 1 +BATT))
    (pad 4 smd rect (at 1.1 0.95 90) (size 1.06 0.65) (layers F.Cu F.Paste F.Mask)
      (net 6 VBUS))
    (pad 5 smd rect (at 1.1 -0.95 90) (size 1.06 0.65) (layers F.Cu F.Paste F.Mask)
      (net 13 "Net-(R2-Pad1)"))
    (model ${KISYS3DMOD}/Package_TO_SOT_SMD.3dshapes/SOT-23-5.wrl
      (at (xyz 0 0 0))
      (scale (xyz 1 1 1))
      (rotate (xyz 0 0 0))
    )
  )

  (module Package_SON:Texas_DRC0010J_ThermalVias (layer B.Cu) (tedit 5C20F0C0) (tstamp 5E52FC31)
    (at 84.8868 75.8444)
    (descr "Texas DRC0010J, VSON10 3x3mm Body, 0.5mm Pitch,  http://www.ti.com/lit/ds/symlink/tps63000.pdf")
    (tags "Texas VSON10 3x3mm")
    (path /5E48E941)
    (attr smd)
    (fp_text reference U3 (at -2.286 1.7272) (layer B.SilkS)
      (effects (font (size 0.5 0.5) (thickness 0.125)) (justify mirror))
    )
    (fp_text value TPS63001 (at 0.02032 -2.8) (layer B.Fab)
      (effects (font (size 0.5 0.5) (thickness 0.125)) (justify mirror))
    )
    (fp_text user %R (at 0 0) (layer B.Fab)
      (effects (font (size 0.5 0.5) (thickness 0.125)) (justify mirror))
    )
    (fp_line (start -0.8 1.5) (end 1.5 1.5) (layer B.Fab) (width 0.1))
    (fp_line (start 1.5 1.5) (end 1.5 -1.5) (layer B.Fab) (width 0.1))
    (fp_line (start -1.5 0.8) (end -1.5 -1.5) (layer B.Fab) (width 0.1))
    (fp_line (start -1.5 -1.5) (end 1.5 -1.5) (layer B.Fab) (width 0.1))
    (fp_line (start -1.95 1.95) (end 1.95 1.95) (layer B.CrtYd) (width 0.05))
    (fp_line (start 1.95 1.95) (end 1.95 -1.95) (layer B.CrtYd) (width 0.05))
    (fp_line (start -1.95 1.95) (end -1.95 -1.95) (layer B.CrtYd) (width 0.05))
    (fp_line (start -1.95 -1.95) (end 1.95 -1.95) (layer B.CrtYd) (width 0.05))
    (fp_line (start -1.5 0.8) (end -0.8 1.5) (layer B.Fab) (width 0.1))
    (fp_line (start -1.61 -1.38) (end -1.61 -1.61) (layer B.SilkS) (width 0.12))
    (fp_line (start -1.61 -1.61) (end -0.635 -1.61) (layer B.SilkS) (width 0.12))
    (fp_line (start 1.61 -1.38) (end 1.61 -1.61) (layer B.SilkS) (width 0.12))
    (fp_line (start 0.635 -1.61) (end 1.61 -1.61) (layer B.SilkS) (width 0.12))
    (fp_line (start 0.635 1.61) (end 1.61 1.61) (layer B.SilkS) (width 0.12))
    (fp_line (start 1.61 1.61) (end 1.61 1.38) (layer B.SilkS) (width 0.12))
    (fp_line (start -1.64 1.61) (end -0.635 1.61) (layer B.SilkS) (width 0.12))
    (pad "" smd roundrect (at 0 -0.63) (size 1.5 1.06) (layers B.Paste) (roundrect_rratio 0.1)
      (zone_connect 0))
    (pad "" smd roundrect (at 0 0.63) (size 1.5 1.06) (layers B.Paste) (roundrect_rratio 0.1)
      (zone_connect 0))
    (pad "" smd roundrect (at -0.25 1.53) (size 0.25 0.34) (layers B.Paste) (roundrect_rratio 0.1)
      (zone_connect 0))
    (pad "" smd roundrect (at 0.25 1.53) (size 0.25 0.34) (layers B.Paste) (roundrect_rratio 0.1)
      (zone_connect 0))
    (pad "" smd roundrect (at -0.25 -1.53) (size 0.25 0.34) (layers B.Paste) (roundrect_rratio 0.1)
      (zone_connect 0))
    (pad "" smd roundrect (at 0.25 -1.53) (size 0.25 0.34) (layers B.Paste) (roundrect_rratio 0.1)
      (zone_connect 0))
    (pad 1 smd rect (at -1.4 1) (size 0.6 0.24) (layers B.Cu B.Paste B.Mask)
      (net 5 +3V3))
    (pad 2 smd rect (at -1.4 0.5) (size 0.6 0.24) (layers B.Cu B.Paste B.Mask)
      (net 11 "Net-(L1-Pad2)"))
    (pad 3 smd rect (at -1.4 0) (size 0.6 0.24) (layers B.Cu B.Paste B.Mask)
      (net 2 GND))
    (pad 4 smd rect (at -1.4 -0.5) (size 0.6 0.24) (layers B.Cu B.Paste B.Mask)
      (net 10 "Net-(L1-Pad1)"))
    (pad 5 smd rect (at -1.4 -1) (size 0.6 0.24) (layers B.Cu B.Paste B.Mask)
      (net 4 VIN))
    (pad 6 smd rect (at 1.4 -1) (size 0.6 0.24) (layers B.Cu B.Paste B.Mask)
      (net 14 "Net-(R3-Pad2)"))
    (pad 7 smd rect (at 1.4 -0.5) (size 0.6 0.24) (layers B.Cu B.Paste B.Mask)
      (net 14 "Net-(R3-Pad2)"))
    (pad 8 smd rect (at 1.4 0) (size 0.6 0.24) (layers B.Cu B.Paste B.Mask)
      (net 14 "Net-(R3-Pad2)"))
    (pad 9 smd rect (at 1.4 0.5) (size 0.6 0.24) (layers B.Cu B.Paste B.Mask)
      (net 2 GND))
    (pad 10 smd rect (at 1.4 1) (size 0.6 0.24) (layers B.Cu B.Paste B.Mask)
      (net 5 +3V3))
    (pad 11 smd custom (at 0 0) (size 1.65 2.4) (layers B.Cu B.Mask)
      (net 2 GND) (zone_connect 0)
      (options (clearance outline) (anchor rect))
      (primitives
        (gr_poly (pts
           (xy -0.375 1.1) (xy -0.375 1.7) (xy -0.125 1.7) (xy -0.125 1.1) (xy 0.125 1.1)
           (xy 0.125 1.7) (xy 0.375 1.7) (xy 0.375 -1.7) (xy 0.125 -1.7) (xy 0.125 -1.1)
           (xy -0.125 -1.1) (xy -0.125 -1.7) (xy -0.375 -1.7)) (width 0))
      ))
    (pad 11 thru_hole circle (at 0 -0.95) (size 0.5 0.5) (drill 0.2) (layers *.Cu)
      (net 2 GND))
    (pad 11 thru_hole circle (at -0.575 0) (size 0.5 0.5) (drill 0.2) (layers *.Cu)
      (net 2 GND))
    (pad 11 thru_hole circle (at 0.575 0) (size 0.5 0.5) (drill 0.2) (layers *.Cu)
      (net 2 GND))
    (pad 11 thru_hole circle (at 0 0.95) (size 0.5 0.5) (drill 0.2) (layers *.Cu)
      (net 2 GND))
    (model ${KISYS3DMOD}/Package_SON.3dshapes/Texas_DRC0010J.wrl
      (at (xyz 0 0 0))
      (scale (xyz 1 1 1))
      (rotate (xyz 0 0 0))
    )
  )

  (module Package_TO_SOT_SMD:Texas_R-PDSO-G6 (layer B.Cu) (tedit 5A02FF57) (tstamp 5E52FC47)
    (at 93.98 76.2 270)
    (descr "R-PDSO-G6, http://www.ti.com/lit/ds/slis144b/slis144b.pdf")
    (tags "R-PDSO-G6 SC-70-6")
    (path /5E5DDAFA)
    (attr smd)
    (fp_text reference U4 (at 0 2 270) (layer B.SilkS)
      (effects (font (size 0.5 0.5) (thickness 0.125)) (justify mirror))
    )
    (fp_text value TPS61222DCK (at 0 -2 270) (layer B.Fab)
      (effects (font (size 0.5 0.5) (thickness 0.125)) (justify mirror))
    )
    (fp_text user %R (at 0 0 180) (layer B.Fab)
      (effects (font (size 0.5 0.5) (thickness 0.125)) (justify mirror))
    )
    (fp_line (start 0.7 1.16) (end -1.2 1.16) (layer B.SilkS) (width 0.12))
    (fp_line (start -0.7 -1.16) (end 0.7 -1.16) (layer B.SilkS) (width 0.12))
    (fp_line (start 1.6 -1.4) (end 1.6 1.4) (layer B.CrtYd) (width 0.05))
    (fp_line (start -1.6 1.4) (end -1.6 -1.4) (layer B.CrtYd) (width 0.05))
    (fp_line (start -1.6 1.4) (end 1.6 1.4) (layer B.CrtYd) (width 0.05))
    (fp_line (start 0.675 1.1) (end -0.175 1.1) (layer B.Fab) (width 0.1))
    (fp_line (start -0.675 0.6) (end -0.675 -1.1) (layer B.Fab) (width 0.1))
    (fp_line (start -1.6 -1.4) (end 1.6 -1.4) (layer B.CrtYd) (width 0.05))
    (fp_line (start 0.675 1.1) (end 0.675 -1.1) (layer B.Fab) (width 0.1))
    (fp_line (start 0.675 -1.1) (end -0.675 -1.1) (layer B.Fab) (width 0.1))
    (fp_line (start -0.175 1.1) (end -0.675 0.6) (layer B.Fab) (width 0.1))
    (pad 1 smd rect (at -1.1 0.65 270) (size 0.9 0.4) (layers B.Cu B.Paste B.Mask)
      (net 4 VIN))
    (pad 3 smd rect (at -1.1 -0.65 270) (size 0.9 0.4) (layers B.Cu B.Paste B.Mask)
      (net 2 GND))
    (pad 5 smd rect (at 1.1 0 270) (size 0.9 0.4) (layers B.Cu B.Paste B.Mask)
      (net 12 "Net-(L2-Pad2)"))
    (pad 2 smd rect (at -1.1 0 270) (size 0.9 0.4) (layers B.Cu B.Paste B.Mask)
      (net 15 +5V))
    (pad 4 smd rect (at 1.1 -0.65 270) (size 0.9 0.4) (layers B.Cu B.Paste B.Mask)
      (net 15 +5V))
    (pad 6 smd rect (at 1.1 0.65 270) (size 0.9 0.4) (layers B.Cu B.Paste B.Mask)
      (net 4 VIN))
    (model ${KISYS3DMOD}/Package_TO_SOT_SMD.3dshapes/SOT-363_SC-70-6.wrl
      (at (xyz 0 0 0))
      (scale (xyz 1 1 1))
      (rotate (xyz 0 0 0))
    )
  )

  (module libs:PANASONIC_AXT510124 (layer F.Cu) (tedit 5E531431) (tstamp 5E52FF99)
    (at 92.964 77.216 90)
    (path /5E555394)
    (fp_text reference P1 (at -0.977898 -2.760153 90) (layer F.SilkS) hide
      (effects (font (size 0.5 0.5) (thickness 0.125)))
    )
